V=5;
t=0:0.0001:0.01;
x=V*sin(2*pi*f*t);
y=[0 0 0 0 0 0 0 0 0 0 0  0 0 0 00  00 0 0 0 0 0 0 0 0  0 0 0 0 0  0 0 0 0 0 15 15 15 15 15 15 15 15 15 15 15 1515 15 15 15 15 1515 15 15 15 15 1515 15 15 15 15 1515 15 15 15 15 1515 15 15 15 15 1515 15 15 15 15 1515 15 15 15 15 1515 15 15 15 15 1515 15 15 15 15 1515 15 15 15 15 1515 15 15 15 15 1515 15 15 15 15 1515 15 15 15 15 1515 15 15 15 15 1515 15 15 15 15 1515 15 15 15 15 1515 15 15 15 15 1515 15 15 15 15 1515 15 15 15 15 15 0 0 0 0 0 0 0 0 0 0  0 0 0 00  00 0 0 0 0 0 0 0 0  0 0